ThetaP18 = 0.2768245930845429
u_0P18 = 0.012320382204699231
E_CRITP18 = 36926778.52631186
N_sP18 = 1.3148375945099566
VthP18 = -0.45055300282638383
